	443	0.6
     0	     0	-1562.149406
     1	     1	-1564.934317
     2	     2	-1565.703755
     3	     3	-1566.436257
     4	     4	-1567.386702
     5	     5	-1568.298529
     6	     6	-1568.951951
     7	     7	-1569.884871
     8	     8	-1570.635702
     9	     9	-1571.150363
    10	    10	-1571.998650
    11	    11	-1573.143085
    12	    12	-1573.392722
    13	    13	-1574.038336
    14	    14	-1574.761563
    15	    15	-1575.214648
    16	    16	-1575.519915
    17	    17	-1575.993396
    18	    18	-1576.723788
    19	    19	-1576.980423
    20	    20	-1577.552559
    21	    21	-1577.996373
    22	    22	-1578.479164
    23	    23	-1578.888137
    24	    24	-1579.246275
    25	    25	-1579.409256
    26	    26	-1580.338138
    28	    27	-1581.026403
    29	    28	-1581.316319
    30	    29	-1581.403165
    31	    30	-1581.826067
    32	    31	-1582.098943
    33	    32	-1582.933924
    34	    33	-1583.092275
    35	    34	-1583.405919
    36	    35	-1583.785527
    37	    36	-1584.195155
    38	    37	-1584.461867
    39	    38	-1584.620659
    40	    39	-1584.970453
    41	    40	-1585.208023
    42	    41	-1585.743664
    43	    42	-1586.199125
    44	    43	-1586.697131
    45	    44	-1586.740988
    46	    45	-1587.067157
    47	    46	-1587.336967
    48	    47	-1587.823489
    49	    48	-1588.008724
    50	    49	-1588.436647
    51	    50	-1588.565286
    52	    51	-1588.818330
    53	    52	-1588.934897
    54	    53	-1589.206824
    55	    54	-1589.237114
    56	    55	-1589.447840
    57	    56	-1589.615587
    58	    57	-1589.961665
    59	    58	-1590.053902
    60	    59	-1590.378600
    61	    60	-1590.606452
    63	    61	-1590.806634
    64	    62	-1590.978784
    65	    63	-1591.180479
    66	    64	-1591.464698
    67	    65	-1591.509658
    68	    66	-1591.586078
    69	    67	-1591.765168
    70	    68	-1591.818789
    71	    69	-1592.017564
    72	    70	-1592.147029
    73	    71	-1592.278895
    74	    72	-1592.320018
    75	    73	-1592.445564
    76	    74	-1592.518401
    77	    75	-1592.787324
    78	    76	-1592.911735
    79	    77	-1592.970936
    80	    78	-1593.168533
    81	    79	-1593.476838
    82	    80	-1593.585506
    83	    81	-1593.706863
    84	    82	-1593.723442
    85	    83	-1593.834582
    86	    84	-1593.907985
    87	    85	-1593.931206
    88	    86	-1593.957013
    89	    87	-1594.103110
    90	    88	-1594.126741
    91	    89	-1594.323618
    92	    90	-1594.352709
    93	    91	-1594.444851
    94	    92	-1594.514260
    95	    93	-1594.659444
    96	    94	-1594.715512
    97	    95	-1594.759650
    98	    96	-1594.830958
    99	    97	-1594.881712
   100	    98	-1594.917203
   101	    99	-1595.004885
   102	   100	-1595.083958
   103	   101	-1595.119492
   104	   102	-1595.276463
   105	   103	-1595.327079
   106	   104	-1595.337654
   107	   105	-1595.351106
   108	   106	-1595.416352
   109	   107	-1595.458417
   110	   108	-1595.557046
   111	   109	-1595.622677
   112	   110	-1595.631911
   113	   111	-1595.695554
   114	   112	-1595.804841
   115	   113	-1595.874310
   116	   114	-1595.893123
   117	   115	-1595.973815
   118	   116	-1596.028471
   119	   117	-1596.076516
   120	   118	-1596.093080
   121	   119	-1596.184460
   122	   120	-1596.257503
   123	   121	-1596.302037
   124	   122	-1596.368306
   125	   123	-1596.425044
   126	   124	-1596.465907
   127	   125	-1596.535707
   128	   126	-1596.547791
   129	   127	-1596.617588
   130	   128	-1596.671684
   131	   129	-1596.697791
   132	   130	-1596.743757
   133	   131	-1596.901265
   134	   132	-1596.955875
   135	   133	-1596.977612
   136	   134	-1597.035287
   137	   135	-1597.048983
   138	   136	-1597.082319
   139	   137	-1597.105632
   140	   138	-1597.151082
   141	   139	-1597.193898
   144	   140	-1597.221391
   145	   141	-1597.244253
   146	   142	-1597.284246
   147	   143	-1597.291269
   148	   144	-1597.305347
   149	   145	-1597.347159
   150	   146	-1597.376425
   151	   147	-1597.413100
   152	   148	-1597.471347
   153	   149	-1597.496006
   154	   150	-1597.510430
   155	   151	-1597.524145
   156	   152	-1597.545125
   157	   153	-1597.572989
   158	   154	-1597.596232
   159	   155	-1597.616300
   160	   156	-1597.635188
   161	   157	-1597.667324
   162	   158	-1597.675258
   163	   159	-1597.690508
   164	   160	-1597.771487
   166	   161	-1597.779000
   167	   162	-1597.781996
   168	   163	-1597.807534
   169	   164	-1597.825244
   170	   165	-1597.871203
   171	   166	-1597.877937
   173	   167	-1597.892028
   174	   168	-1597.906513
   175	   169	-1597.921169
   176	   170	-1597.924689
   177	   171	-1597.978751
   179	   172	-1597.987170
   180	   173	-1597.994388
   181	   174	-1597.999745
   182	   175	-1598.032986
   183	   176	-1598.044667
   184	   177	-1598.058885
   185	   178	-1598.068812
   186	   179	-1598.076625
   188	   180	-1598.082611
   189	   181	-1598.087256
   190	   182	-1598.102502
   191	   183	-1598.106913
   192	   184	-1598.133331
   193	   185	-1598.143533
   194	   186	-1598.154341
   195	   187	-1598.174181
   196	   188	-1598.175489
   198	   189	-1598.178259
   199	   190	-1598.180924
   200	   191	-1598.215293
   201	   192	-1598.218063
   203	   193	-1598.220129
   206	   194	-1598.228453
   207	   195	-1598.245557
   208	   196	-1598.246897
   209	   197	-1598.261772
   210	   198	-1598.267885
   211	   199	-1598.270994
   215	   200	-1598.273733
   216	   201	-1598.284046
   217	   202	-1598.301974
   218	   203	-1598.310798
   219	   204	-1598.320083
   226	   205	-1598.323075
   231	   206	-1598.328199
   244	   207	-1598.330782
   248	   208	-1598.333050
   253	   209	-1598.343618
   261	   210	-1598.344882
   271	   211	-1598.354494
   285	   212	-1598.362140
   290	   213	-1598.365801
   292	   214	-1598.377275
   294	   215	-1598.379863
   296	   216	-1598.384828
   307	   217	-1598.386414
   309	   218	-1598.397160
   312	   219	-1598.402198
   342	   220	-1598.406334
   361	   221	-1598.407887
   365	   222	-1598.409816
   366	   223	-1598.413320
   370	   224	-1598.416762
   372	   225	-1598.417882
   390	   226	-1598.430514
   411	   227	-1598.434387
   471	   228	-1598.437817
   474	   229	-1598.444539
   513	   230	-1598.451232
   522	   231	-1598.453428
   605	   232	-1598.456710
   620	   233	-1598.462349
   674	   234	-1598.463547
   684	   235	-1598.467511
   705	   236	-1598.470064
   759	   237	-1598.474847
   859	   237	-1598.474847
   951	   238	-1598.483270
  1038	   239	-1598.485819
  1130	   240	-1598.491761
  1132	   241	-1598.495825
  1217	   242	-1598.508520
  1308	   243	-1598.513993
  1331	   244	-1598.515476
  1359	   245	-1598.516695
  1384	   246	-1598.520016
  1484	   246	-1598.520017
  1576	   247	-1598.521203
  1676	   247	-1598.521203
  1707	   248	-1598.523479
  1807	   248	-1598.523708
  1907	   248	-1598.523708
  2007	   248	-1598.523708
  2107	   248	-1598.523708
  2207	   248	-1598.523708
  2307	   248	-1598.523708
  2407	   248	-1598.523708
  2507	   248	-1598.523955
  2607	   248	-1598.523955
  2707	   248	-1598.523955
