	443	0.7
     0	     0	-1565.342892
     1	     1	-1567.739743
     2	     2	-1568.667998
     3	     3	-1570.018757
     4	     4	-1570.876947
     5	     5	-1571.511114
     6	     6	-1572.036749
     7	     7	-1572.470486
     8	     8	-1573.832017
     9	     9	-1574.465544
    10	    10	-1575.052622
    11	    11	-1575.463924
    12	    12	-1575.818702
    13	    13	-1576.611476
    14	    14	-1577.202933
    15	    15	-1577.644687
    16	    16	-1577.984580
    17	    17	-1578.469235
    18	    18	-1579.359646
    19	    19	-1579.936947
    20	    20	-1580.296052
    21	    21	-1581.210059
    22	    22	-1581.853629
    23	    23	-1582.427318
    24	    24	-1582.483263
    25	    25	-1583.020485
    26	    26	-1583.171749
    27	    27	-1583.601052
    28	    28	-1583.925894
    29	    29	-1584.149233
    30	    30	-1584.467253
    31	    31	-1584.938604
    32	    32	-1585.276694
    33	    33	-1585.427688
    34	    34	-1585.966639
    35	    35	-1586.201494
    36	    36	-1586.756361
    37	    37	-1587.118391
    38	    38	-1587.420552
    40	    39	-1587.703167
    41	    40	-1588.374587
    42	    41	-1588.453813
    43	    42	-1588.768153
    44	    43	-1588.965082
    45	    44	-1589.252417
    46	    45	-1589.637575
    47	    46	-1589.721826
    48	    47	-1589.999316
    49	    48	-1590.195327
    50	    49	-1590.683956
    51	    50	-1590.918332
    52	    51	-1591.140839
    53	    52	-1591.173008
    54	    53	-1591.564935
    55	    54	-1591.808826
    56	    55	-1592.048285
    57	    56	-1592.315490
    58	    57	-1592.353684
    59	    58	-1592.601644
    60	    59	-1592.967981
    61	    60	-1593.197997
    63	    61	-1593.497826
    64	    62	-1593.541603
    65	    63	-1593.711395
    66	    64	-1593.901500
    67	    65	-1594.143431
    68	    66	-1594.195717
    69	    67	-1594.270314
    70	    68	-1594.422076
    71	    69	-1594.562668
    72	    70	-1594.691722
    73	    71	-1594.777955
    74	    72	-1594.901257
    76	    73	-1595.033050
    77	    74	-1595.222259
    78	    75	-1595.345446
    79	    76	-1595.415904
    80	    77	-1595.502056
    81	    78	-1595.648334
    82	    79	-1595.657240
    83	    80	-1595.824549
    84	    81	-1595.921752
    85	    82	-1596.162749
    86	    83	-1596.205136
    87	    84	-1596.314941
    88	    85	-1596.480692
    89	    86	-1596.547112
    90	    87	-1596.732381
    92	    88	-1596.797846
    93	    89	-1596.802516
    94	    90	-1596.891752
    95	    91	-1597.005198
    96	    92	-1597.178479
    97	    93	-1597.270208
    98	    94	-1597.400423
    99	    95	-1597.487249
   100	    96	-1597.589802
   101	    97	-1597.609102
   102	    98	-1597.726618
   103	    99	-1597.793165
   104	   100	-1597.863896
   105	   101	-1597.972661
   106	   102	-1598.051827
   107	   103	-1598.208681
   108	   104	-1598.281445
   109	   105	-1598.348053
   110	   106	-1598.429287
   111	   107	-1598.437995
   112	   108	-1598.470160
   113	   109	-1598.529681
   114	   110	-1598.598233
   115	   111	-1598.650509
   116	   112	-1598.686281
   117	   113	-1598.735729
   118	   114	-1598.859724
   119	   115	-1598.912592
   120	   116	-1598.939910
   121	   117	-1598.972282
   122	   118	-1599.088934
   123	   119	-1599.102274
   124	   120	-1599.144644
   125	   121	-1599.160580
   126	   122	-1599.253839
   127	   123	-1599.339162
   128	   124	-1599.364778
   129	   125	-1599.455845
   130	   126	-1599.467890
   131	   127	-1599.583863
   134	   128	-1599.604957
   135	   129	-1599.654206
   136	   130	-1599.687579
   137	   131	-1599.730741
   138	   132	-1599.747266
   140	   133	-1599.809464
   141	   134	-1599.832983
   142	   135	-1599.893941
   144	   136	-1599.933913
   145	   137	-1599.965161
   146	   138	-1599.994825
   147	   139	-1600.006814
   148	   140	-1600.043538
   149	   141	-1600.056874
   150	   142	-1600.070152
   151	   143	-1600.111475
   152	   144	-1600.134324
   154	   145	-1600.143605
   156	   146	-1600.169034
   157	   147	-1600.182439
   158	   148	-1600.185927
   159	   149	-1600.245769
   160	   150	-1600.266628
   161	   151	-1600.291982
   162	   152	-1600.313682
   164	   153	-1600.324594
   165	   154	-1600.336581
   168	   155	-1600.349424
   169	   156	-1600.372345
   170	   157	-1600.375716
   171	   158	-1600.378398
   172	   159	-1600.381769
   178	   160	-1600.400828
   179	   161	-1600.416584
   180	   162	-1600.424550
   181	   163	-1600.425624
   183	   164	-1600.432308
   184	   165	-1600.438893
   186	   166	-1600.473218
   188	   167	-1600.508106
   191	   168	-1600.512175
   193	   169	-1600.534009
   196	   170	-1600.556781
   197	   171	-1600.581052
   198	   172	-1600.593019
   200	   173	-1600.600630
   201	   174	-1600.627904
   205	   175	-1600.642412
   206	   176	-1600.645824
   207	   177	-1600.658907
   225	   178	-1600.662430
   232	   179	-1600.666886
   237	   180	-1600.674665
   239	   181	-1600.678488
   243	   182	-1600.681590
   244	   183	-1600.689331
   248	   184	-1600.692213
   252	   185	-1600.694273
   253	   186	-1600.704165
   258	   187	-1600.709496
   259	   188	-1600.735209
   275	   189	-1600.745614
   279	   190	-1600.749627
   283	   191	-1600.751229
   288	   192	-1600.775143
   294	   193	-1600.779555
   302	   194	-1600.784559
   304	   195	-1600.788622
   305	   196	-1600.801365
   306	   197	-1600.806374
   312	   198	-1600.809349
   314	   199	-1600.812808
   327	   200	-1600.815695
   339	   201	-1600.817186
   439	   201	-1600.817186
   472	   202	-1600.818673
   514	   203	-1600.824843
   543	   204	-1600.827734
   572	   205	-1600.829538
   586	   206	-1600.832065
   591	   207	-1600.833861
   691	   207	-1600.834286
   707	   208	-1600.839917
   739	   209	-1600.842040
   741	   210	-1600.843958
   787	   211	-1600.845694
   887	   211	-1600.845694
   987	   211	-1600.845694
  1087	   211	-1600.845694
  1187	   211	-1600.845694
  1201	   212	-1600.847580
  1259	   213	-1600.850304
  1359	   213	-1600.850304
  1459	   213	-1600.850942
  1559	   213	-1600.850942
  1569	   214	-1600.852501
  1669	   214	-1600.853345
  1769	   214	-1600.854302
  1857	   215	-1600.857081
  1867	   216	-1600.865331
  1869	   217	-1600.876029
  1870	   218	-1600.882002
  1876	   219	-1600.885844
  1939	   220	-1600.888658
  1946	   221	-1600.891609
  1970	   222	-1600.911452
  1973	   223	-1600.913382
  2073	   223	-1600.913382
  2173	   223	-1600.913382
  2273	   223	-1600.913382
  2373	   223	-1600.913382
  2473	   223	-1600.913382
  2573	   223	-1600.913382
  2673	   223	-1600.913382
  2773	   223	-1600.913382
  2873	   223	-1600.913382
  2973	   223	-1600.913382
