	443	0.5
     0	     0	-1582.636486
     1	     1	-1583.684717
     2	     2	-1583.737014
     5	     3	-1583.899736
     6	     4	-1584.103566
     7	     5	-1584.246565
     8	     6	-1584.372552
     9	     7	-1584.399183
    10	     8	-1584.545947
    11	     9	-1584.768501
    12	    10	-1584.894760
    13	    11	-1585.126108
    14	    12	-1585.134116
    15	    13	-1585.377320
    16	    14	-1585.494658
    17	    15	-1585.522988
    18	    16	-1585.802771
    19	    17	-1585.855163
    20	    18	-1585.958767
    21	    19	-1586.356637
    22	    20	-1586.504815
    23	    21	-1586.512869
    24	    22	-1586.633697
    25	    23	-1586.994620
    26	    24	-1587.192329
    28	    25	-1587.338273
    30	    26	-1587.420472
    31	    27	-1587.464588
    32	    28	-1587.584280
    33	    29	-1587.952304
    35	    30	-1588.202433
    36	    31	-1588.257900
    37	    32	-1588.361372
    38	    33	-1588.439389
    39	    34	-1588.603394
    40	    35	-1588.733305
    41	    36	-1588.744311
    42	    37	-1588.813630
    43	    38	-1588.955511
    44	    39	-1588.988751
    45	    40	-1589.168611
    46	    41	-1589.262401
    47	    42	-1589.281045
    48	    43	-1589.428141
    49	    44	-1589.434310
    50	    45	-1589.548494
    51	    46	-1589.635915
    52	    47	-1589.692887
    53	    48	-1589.805931
    54	    49	-1589.855751
    55	    50	-1589.998625
    56	    51	-1590.044490
    57	    52	-1590.195471
    58	    53	-1590.321176
    59	    54	-1590.323636
    60	    55	-1590.463575
    61	    56	-1590.604404
    62	    57	-1590.697057
    64	    58	-1590.804303
    65	    59	-1590.828182
    66	    60	-1590.851112
    67	    61	-1590.977956
    68	    62	-1591.011248
    69	    63	-1591.163769
    70	    64	-1591.222521
    72	    65	-1591.263511
    73	    66	-1591.284209
    74	    67	-1591.354886
    75	    68	-1591.471621
    76	    69	-1591.638982
    77	    70	-1591.717028
    78	    71	-1591.762006
    79	    72	-1591.769560
    80	    73	-1591.788099
    81	    74	-1591.871873
    82	    75	-1591.895155
    83	    76	-1591.958430
    85	    77	-1591.994197
    86	    78	-1591.997394
    87	    79	-1592.035384
    88	    80	-1592.099110
    89	    81	-1592.172706
    90	    82	-1592.213852
    91	    83	-1592.246797
    92	    84	-1592.273523
    93	    85	-1592.371619
    94	    86	-1592.402605
    95	    87	-1592.428733
    96	    88	-1592.445389
    97	    89	-1592.484707
    98	    90	-1592.510609
    99	    91	-1592.538109
   100	    92	-1592.564487
   101	    93	-1592.579609
   102	    94	-1592.582826
   103	    95	-1592.593025
   104	    96	-1592.618054
   105	    97	-1592.635199
   106	    98	-1592.667152
   107	    99	-1592.727753
   109	   100	-1592.772360
   110	   101	-1592.806038
   111	   102	-1592.833470
   112	   103	-1592.885850
   113	   104	-1592.887472
   114	   105	-1592.905869
   115	   106	-1592.932625
   116	   107	-1592.983652
   118	   108	-1592.995639
   119	   109	-1593.003026
   120	   110	-1593.043405
   121	   111	-1593.099432
   122	   112	-1593.106819
   123	   113	-1593.126825
   124	   114	-1593.164103
   125	   115	-1593.185605
   126	   116	-1593.245218
   128	   117	-1593.256539
   130	   118	-1593.261074
   131	   119	-1593.270332
   132	   120	-1593.293199
   134	   121	-1593.311171
   135	   122	-1593.317320
   136	   123	-1593.325908
   137	   124	-1593.331345
   138	   125	-1593.345537
   140	   126	-1593.354820
   141	   127	-1593.360828
   142	   128	-1593.369994
   145	   129	-1593.371009
   146	   130	-1593.384843
   147	   131	-1593.393020
   148	   132	-1593.399700
   149	   133	-1593.413956
   150	   134	-1593.422927
   151	   135	-1593.432026
   152	   136	-1593.446092
   156	   137	-1593.461773
   157	   138	-1593.477621
   162	   139	-1593.482523
   163	   140	-1593.495105
   164	   141	-1593.503236
   167	   142	-1593.507330
   174	   143	-1593.522234
   176	   144	-1593.530684
   177	   145	-1593.539166
   179	   146	-1593.544255
   186	   147	-1593.557839
   189	   148	-1593.567171
   190	   149	-1593.574491
   191	   150	-1593.576993
   195	   151	-1593.584053
   199	   152	-1593.585457
   205	   153	-1593.586703
   207	   154	-1593.590226
   209	   155	-1593.599790
   213	   156	-1593.604470
   214	   157	-1593.612082
   227	   158	-1593.615931
   240	   159	-1593.618223
   242	   160	-1593.621910
   246	   161	-1593.626860
   247	   162	-1593.635279
   255	   163	-1593.640697
   256	   164	-1593.647299
   261	   165	-1593.650047
   275	   166	-1593.652905
   281	   167	-1593.664176
   292	   168	-1593.668302
   293	   169	-1593.671041
   307	   170	-1593.672049
   313	   171	-1593.673920
   315	   172	-1593.679879
   325	   173	-1593.682326
   328	   174	-1593.684771
   345	   175	-1593.690036
   351	   176	-1593.691894
   355	   177	-1593.693109
   362	   178	-1593.700284
   373	   179	-1593.702117
   374	   180	-1593.707145
   383	   181	-1593.711588
   389	   182	-1593.715013
   390	   183	-1593.717507
   391	   184	-1593.722322
   394	   185	-1593.727715
   412	   186	-1593.732425
   417	   187	-1593.735124
   420	   188	-1593.751037
   424	   189	-1593.756030
   432	   190	-1593.758105
   532	   190	-1593.758463
   596	   191	-1593.765736
   603	   192	-1593.767997
   624	   193	-1593.771632
   676	   194	-1593.777694
   736	   195	-1593.779860
   765	   196	-1593.784992
   836	   197	-1593.788625
   936	   197	-1593.789021
  1029	   198	-1593.791183
  1035	   199	-1593.792465
  1122	   200	-1593.795642
  1176	   201	-1593.801315
  1204	   202	-1593.802504
  1304	   202	-1593.802729
  1397	   203	-1593.804070
  1423	   204	-1593.805708
  1471	   205	-1593.812383
  1571	   205	-1593.812658
  1613	   206	-1593.813845
  1713	   206	-1593.813845
  1813	   206	-1593.813845
  1844	   207	-1593.823915
  1944	   207	-1593.823915
  2044	   207	-1593.823915
  2144	   207	-1593.823915
  2244	   207	-1593.823915
  2344	   207	-1593.823915
  2444	   207	-1593.823915
  2544	   207	-1593.823915
  2644	   207	-1593.823915
  2744	   207	-1593.823915
  2844	   207	-1593.823931
