	443	0.5
     0	     0	-1582.915280
     1	     1	-1583.679784
     2	     2	-1584.124590
     3	     3	-1584.207168
     4	     4	-1584.266592
     5	     5	-1584.992406
     7	     6	-1585.008907
     9	     7	-1585.160960
    10	     8	-1585.229759
    11	     9	-1585.564100
    12	    10	-1585.779907
    13	    11	-1585.975270
    15	    12	-1586.118532
    16	    13	-1586.226316
    17	    14	-1586.352785
    18	    15	-1586.481802
    19	    16	-1586.723829
    20	    17	-1586.939915
    21	    18	-1586.965542
    22	    19	-1587.198526
    23	    20	-1587.223421
    25	    21	-1587.664921
    27	    22	-1587.739279
    28	    23	-1587.794504
    29	    24	-1587.890291
    30	    25	-1588.015322
    31	    26	-1588.145522
    32	    27	-1588.187909
    33	    28	-1588.455917
    34	    29	-1588.620892
    36	    30	-1588.664438
    37	    31	-1589.052398
    38	    32	-1589.139716
    39	    33	-1589.197917
    40	    34	-1589.245621
    41	    35	-1589.270206
    42	    36	-1589.494763
    43	    37	-1589.504198
    44	    38	-1589.577296
    45	    39	-1589.635351
    46	    40	-1589.862535
    47	    41	-1589.978656
    48	    42	-1590.085062
    49	    43	-1590.108367
    50	    44	-1590.246917
    51	    45	-1590.333577
    52	    46	-1590.389277
    53	    47	-1590.479043
    54	    48	-1590.492506
    55	    49	-1590.580918
    56	    50	-1590.659413
    57	    51	-1590.675133
    58	    52	-1590.854306
    59	    53	-1590.991509
    60	    54	-1591.045091
    61	    55	-1591.047687
    62	    56	-1591.138577
    63	    57	-1591.215756
    64	    58	-1591.286248
    66	    59	-1591.332348
    67	    60	-1591.340888
    68	    61	-1591.371484
    69	    62	-1591.443909
    70	    63	-1591.474847
    71	    64	-1591.573084
    72	    65	-1591.615366
    73	    66	-1591.661691
    74	    67	-1591.754475
    76	    68	-1591.779617
    77	    69	-1591.814685
    78	    70	-1591.823816
    79	    71	-1591.832709
    80	    72	-1591.907393
    81	    73	-1591.959794
    82	    74	-1592.071406
    83	    75	-1592.182651
    85	    76	-1592.250763
    86	    77	-1592.289298
    87	    78	-1592.334880
    88	    79	-1592.351702
    89	    80	-1592.357413
    90	    81	-1592.459520
    91	    82	-1592.467077
    93	    83	-1592.537745
    94	    84	-1592.577930
    95	    85	-1592.586421
    96	    86	-1592.606685
    97	    87	-1592.623960
    98	    88	-1592.663140
    99	    89	-1592.674344
   100	    90	-1592.681922
   101	    91	-1592.689926
   102	    92	-1592.732678
   103	    93	-1592.783171
   104	    94	-1592.799693
   105	    95	-1592.815491
   106	    96	-1592.851713
   107	    97	-1592.906447
   108	    98	-1592.908670
   109	    99	-1592.927258
   110	   100	-1592.975823
   111	   101	-1593.046886
   112	   102	-1593.090079
   113	   103	-1593.092725
   114	   104	-1593.099541
   115	   105	-1593.130090
   116	   106	-1593.146904
   117	   107	-1593.151453
   118	   108	-1593.191936
   119	   109	-1593.219546
   121	   110	-1593.220718
   122	   111	-1593.223114
   123	   112	-1593.247453
   124	   113	-1593.253175
   125	   114	-1593.273725
   126	   115	-1593.287752
   127	   116	-1593.295833
   128	   117	-1593.320287
   129	   118	-1593.328472
   130	   119	-1593.333524
   131	   120	-1593.350883
   132	   121	-1593.365129
   133	   122	-1593.372685
   135	   123	-1593.387243
   136	   124	-1593.401720
   137	   125	-1593.425162
   138	   126	-1593.439169
   139	   127	-1593.449923
   142	   128	-1593.451150
   143	   129	-1593.452676
   144	   130	-1593.455086
   145	   131	-1593.468199
   147	   132	-1593.475030
   148	   133	-1593.477796
   150	   134	-1593.487919
   151	   135	-1593.491673
   152	   136	-1593.494023
   153	   137	-1593.496416
   156	   138	-1593.515096
   157	   139	-1593.529603
   158	   140	-1593.574024
   161	   141	-1593.585692
   164	   142	-1593.589704
   165	   143	-1593.601250
   166	   144	-1593.608167
   167	   145	-1593.612053
   169	   146	-1593.624549
   174	   147	-1593.635994
   175	   148	-1593.638074
   176	   149	-1593.639415
   180	   150	-1593.652903
   186	   151	-1593.654124
   199	   152	-1593.658753
   213	   153	-1593.665315
   216	   154	-1593.668556
   221	   155	-1593.671186
   223	   156	-1593.672575
   226	   157	-1593.681680
   227	   158	-1593.696375
   228	   159	-1593.700891
   229	   160	-1593.703647
   232	   161	-1593.708953
   234	   162	-1593.712904
   236	   163	-1593.714793
   244	   164	-1593.721354
   246	   165	-1593.726293
   247	   166	-1593.728619
   252	   167	-1593.734210
   256	   168	-1593.741815
   274	   169	-1593.747829
   284	   170	-1593.751534
   286	   171	-1593.758695
   302	   172	-1593.762998
   310	   173	-1593.766478
   311	   174	-1593.769025
   312	   175	-1593.771965
   314	   176	-1593.773434
   343	   177	-1593.784384
   351	   178	-1593.787212
   357	   179	-1593.789745
   358	   180	-1593.798357
   367	   181	-1593.800811
   369	   182	-1593.804327
   370	   183	-1593.813114
   438	   184	-1593.816633
   440	   185	-1593.823718
   442	   186	-1593.830086
   457	   187	-1593.836141
   466	   188	-1593.837632
   486	   189	-1593.841002
   585	   190	-1593.846737
   613	   191	-1593.847771
   614	   192	-1593.864645
   714	   192	-1593.864683
   814	   192	-1593.864683
   884	   193	-1593.872160
   984	   193	-1593.872160
  1084	   193	-1593.872160
  1103	   194	-1593.874279
  1203	   194	-1593.874279
  1265	   195	-1593.877924
  1365	   195	-1593.877928
  1369	   196	-1593.885886
  1469	   196	-1593.885886
  1569	   196	-1593.885886
  1630	   197	-1593.886993
  1658	   198	-1593.890188
  1758	   198	-1593.890199
  1763	   199	-1593.895402
  1794	   200	-1593.899004
  1867	   201	-1593.902796
  1967	   201	-1593.902796
  2067	   201	-1593.902796
  2167	   201	-1593.902796
  2267	   201	-1593.902796
  2367	   201	-1593.902796
  2467	   201	-1593.902796
  2486	   202	-1593.912342
  2511	   203	-1593.914876
  2611	   203	-1593.915320
  2711	   203	-1593.915320
  2811	   203	-1593.915320
  2911	   203	-1593.915320
  3011	   203	-1593.915320
  3111	   203	-1593.915320
  3211	   203	-1593.915320
  3311	   203	-1593.915320
  3411	   203	-1593.915320
  3511	   203	-1593.915320
