	3285	0.2
     0	     0	-12200.954244
     1	     1	-12202.431015
     2	     2	-12203.083311
     3	     3	-12203.613948
     4	     4	-12204.029076
     5	     5	-12204.181403
     6	     6	-12204.274776
     7	     7	-12205.349379
     8	     8	-12205.884570
    10	     9	-12206.035431
    11	    10	-12206.151606
    12	    11	-12206.372251
    13	    12	-12206.595624
    14	    13	-12206.626496
    15	    14	-12207.224314
    16	    15	-12207.514696
    17	    16	-12207.668196
    18	    17	-12207.934816
    19	    18	-12208.223276
    20	    19	-12208.314601
    21	    20	-12208.827348
    22	    21	-12208.830060
    23	    22	-12209.103228
    24	    23	-12209.640424
    26	    24	-12209.667079
    27	    25	-12209.887778
    28	    26	-12210.178713
    29	    27	-12210.517395
    30	    28	-12210.856074
    31	    29	-12210.863340
    32	    30	-12211.138609
    33	    31	-12211.228544
    34	    32	-12211.246809
    35	    33	-12211.480206
    36	    34	-12211.569941
    37	    35	-12211.669409
    38	    36	-12211.831058
    39	    37	-12211.959559
    40	    38	-12212.196630
    41	    39	-12212.482236
    43	    40	-12212.579413
    44	    41	-12212.817566
    45	    42	-12212.906240
    46	    43	-12213.059026
    47	    44	-12213.239791
    48	    45	-12213.427151
    49	    46	-12213.726163
    50	    47	-12213.755948
    51	    48	-12214.040257
    52	    49	-12214.103966
    53	    50	-12214.216666
    54	    51	-12214.627574
    55	    52	-12214.835824
    56	    53	-12214.955102
    57	    54	-12215.252425
    58	    55	-12215.273842
    59	    56	-12215.510498
    60	    57	-12215.532617
    61	    58	-12215.787773
    62	    59	-12215.836270
    63	    60	-12215.982442
    64	    61	-12216.038003
    65	    62	-12216.172514
    66	    63	-12216.494008
    68	    64	-12216.782468
    69	    65	-12216.963189
    70	    66	-12217.141359
    71	    67	-12217.225668
    72	    68	-12217.352131
    74	    69	-12217.506642
    75	    70	-12217.615518
    76	    71	-12217.740783
    77	    72	-12217.782858
    78	    73	-12218.053151
    79	    74	-12218.246705
    80	    75	-12218.367176
    81	    76	-12218.508257
    82	    77	-12218.654527
    83	    78	-12218.768212
    84	    79	-12218.814412
    85	    80	-12218.943316
    86	    81	-12219.161150
    87	    82	-12219.342286
    88	    83	-12219.432770
    89	    84	-12219.571494
    90	    85	-12219.988055
    92	    86	-12220.118796
    93	    87	-12220.207328
    94	    88	-12220.510588
    95	    89	-12220.612782
    96	    90	-12220.645959
    97	    91	-12220.854939
    98	    92	-12221.021655
    99	    93	-12221.120863
   100	    94	-12221.164459
   101	    95	-12221.443503
   102	    96	-12221.640083
   103	    97	-12221.760789
   104	    98	-12221.870396
   105	    99	-12222.208194
   106	   100	-12222.366579
   107	   101	-12222.546823
   108	   102	-12222.584767
   109	   103	-12222.637983
   110	   104	-12222.729626
   111	   105	-12222.828299
   112	   106	-12223.040068
   113	   107	-12223.380142
   115	   108	-12223.510813
   116	   109	-12223.603968
   117	   110	-12223.748898
   118	   111	-12223.937805
   119	   112	-12224.093171
   120	   113	-12224.292474
   121	   114	-12224.421164
   122	   115	-12224.584248
   123	   116	-12224.702078
   124	   117	-12224.783154
   125	   118	-12224.867245
   126	   119	-12225.045823
   127	   120	-12225.205394
   128	   121	-12225.481155
   129	   122	-12225.503487
   130	   123	-12225.637089
   131	   124	-12225.673711
   132	   125	-12225.871555
   133	   126	-12226.107983
   134	   127	-12226.190202
   135	   128	-12226.247268
   136	   129	-12226.492271
   137	   130	-12226.539999
   138	   131	-12226.591420
   139	   132	-12226.753445
   140	   133	-12226.828565
   141	   134	-12226.981014
   142	   135	-12227.201495
   143	   136	-12227.324496
   144	   137	-12227.419996
   145	   138	-12227.502036
   146	   139	-12227.664699
   147	   140	-12228.026706
   148	   141	-12228.213077
   149	   142	-12228.325352
   150	   143	-12228.498186
   151	   144	-12228.644387
   152	   145	-12228.741023
   154	   146	-12228.927265
   155	   147	-12228.983779
   156	   148	-12229.134962
   157	   149	-12229.363713
   158	   150	-12229.538747
   159	   151	-12229.681131
   160	   152	-12229.732565
   161	   153	-12229.781880
   162	   154	-12229.892421
   163	   155	-12230.135031
   164	   156	-12230.253778
   165	   157	-12230.285278
   166	   158	-12230.582844
   167	   159	-12230.657963
   168	   160	-12230.788370
   169	   161	-12230.916146
   170	   162	-12230.969636
   171	   163	-12231.082944
   172	   164	-12231.122214
   173	   165	-12231.220832
   174	   166	-12231.370000
   175	   167	-12231.587372
   176	   168	-12231.680535
   177	   169	-12231.831156
   178	   170	-12232.010264
   179	   171	-12232.077789
   180	   172	-12232.173986
   181	   173	-12232.371134
   182	   174	-12232.386120
   183	   175	-12232.559936
   184	   176	-12232.584924
   185	   177	-12232.696929
   186	   178	-12232.881805
   187	   179	-12232.891622
   188	   180	-12233.001118
   189	   181	-12233.092737
   190	   182	-12233.217233
   191	   183	-12233.298784
   192	   184	-12233.365094
   193	   185	-12233.576610
   194	   186	-12233.599716
   195	   187	-12233.778109
   197	   188	-12233.831251
   198	   189	-12234.012255
   199	   190	-12234.178392
   200	   191	-12234.217424
   201	   192	-12234.397490
   202	   193	-12234.481550
   203	   194	-12234.668996
   204	   195	-12234.825810
   205	   196	-12234.945835
   206	   197	-12235.013456
   207	   198	-12235.098844
   208	   199	-12235.158030
   209	   200	-12235.314001
   210	   201	-12235.380223
   211	   202	-12235.495672
   212	   203	-12235.740018
   213	   204	-12235.766630
   214	   205	-12235.821840
   215	   206	-12235.895214
   216	   207	-12235.923896
   217	   208	-12235.989682
   218	   209	-12236.065606
   219	   210	-12236.237695
   220	   211	-12236.270368
   221	   212	-12236.432032
   222	   213	-12236.534838
   223	   214	-12236.607325
   224	   215	-12236.689414
   225	   216	-12236.786294
   226	   217	-12236.863119
   227	   218	-12237.293022
   228	   219	-12237.373472
   230	   220	-12237.433626
   231	   221	-12237.546130
   232	   222	-12237.618533
   233	   223	-12237.662831
   234	   224	-12237.776857
   235	   225	-12237.934348
   236	   226	-12238.029696
   237	   227	-12238.340460
   238	   228	-12238.354250
   239	   229	-12238.475684
   240	   230	-12238.522619
   241	   231	-12238.810339
   242	   232	-12238.818433
   243	   233	-12238.914206
   245	   234	-12239.074688
   246	   235	-12239.133461
   247	   236	-12239.250386
   248	   237	-12239.376301
   249	   238	-12239.400611
   250	   239	-12239.564081
   251	   240	-12239.727931
   252	   241	-12239.935315
   253	   242	-12240.005209
   254	   243	-12240.066829
   255	   244	-12240.076695
   256	   245	-12240.152214
   257	   246	-12240.266295
   258	   247	-12240.340510
   259	   248	-12240.466816
   260	   249	-12240.514039
   261	   250	-12240.813106
   262	   251	-12240.889962
   263	   252	-12240.912221
   264	   253	-12240.978094
   265	   254	-12241.097008
   266	   255	-12241.315465
   267	   256	-12241.387422
   268	   257	-12241.422416
   269	   258	-12241.460100
   270	   259	-12241.549962
   271	   260	-12241.605520
   272	   261	-12241.721589
   273	   262	-12241.748728
   274	   263	-12241.878958
   275	   264	-12241.929671
   276	   265	-12242.035388
   277	   266	-12242.116602
   278	   267	-12242.283919
   279	   268	-12242.324280
   281	   269	-12242.451125
   282	   270	-12242.478231
   283	   271	-12242.558569
   284	   272	-12242.667600
   285	   273	-12242.680908
   286	   274	-12242.771521
   287	   275	-12242.791541
   288	   276	-12242.952857
   289	   277	-12243.070757
   290	   278	-12243.113504
   291	   279	-12243.269546
   292	   280	-12243.380122
   293	   281	-12243.468395
   294	   282	-12243.614652
   295	   283	-12243.687048
   296	   284	-12243.771114
   297	   285	-12243.808953
   298	   286	-12243.868938
   299	   287	-12243.968256
   300	   288	-12243.987129
   301	   289	-12244.262359
   302	   290	-12244.282264
   303	   291	-12244.285553
   304	   292	-12244.323320
   305	   293	-12244.440564
   306	   294	-12244.445375
   307	   295	-12244.538921
   308	   296	-12244.566496
   309	   297	-12244.641524
   310	   298	-12244.741967
   311	   299	-12244.965597
   312	   300	-12245.004488
   313	   301	-12245.154249
   314	   302	-12245.206904
   315	   303	-12245.252077
   316	   304	-12245.383131
   317	   305	-12245.483464
   318	   306	-12245.567552
   319	   307	-12245.754859
   321	   308	-12245.771323
   322	   309	-12245.881518
   323	   310	-12245.922046
   324	   311	-12246.034273
   325	   312	-12246.079651
   326	   313	-12246.137861
   327	   314	-12246.300992
   328	   315	-12246.373240
   329	   316	-12246.417020
   330	   317	-12246.493355
   331	   318	-12246.607287
   332	   319	-12246.679478
   333	   320	-12246.719491
   334	   321	-12246.751488
   335	   322	-12246.874877
   336	   323	-12246.905125
   337	   324	-12246.999770
   338	   325	-12247.096059
   339	   326	-12247.199331
   340	   327	-12247.265104
   341	   328	-12247.327497
   342	   329	-12247.412364
   343	   330	-12247.500845
   344	   331	-12247.532558
   345	   332	-12247.589075
   346	   333	-12247.685556
   347	   334	-12247.730136
   348	   335	-12247.773564
   349	   336	-12247.834604
   350	   337	-12247.881837
   351	   338	-12247.949400
   352	   339	-12248.034621
   353	   340	-12248.127295
   354	   341	-12248.264182
   355	   342	-12248.282692
   356	   343	-12248.325337
   357	   344	-12248.446046
   358	   345	-12248.538356
   359	   346	-12248.641960
   360	   347	-12248.795371
   361	   348	-12248.875145
   362	   349	-12248.926815
   363	   350	-12248.969807
   364	   351	-12249.040229
   365	   352	-12249.092233
   366	   353	-12249.183495
   367	   354	-12249.231002
   368	   355	-12249.279997
   369	   356	-12249.332948
   370	   357	-12249.518751
   371	   358	-12249.520535
   372	   359	-12249.711102
   373	   360	-12249.789333
   374	   361	-12249.793850
   375	   362	-12249.860048
   376	   363	-12249.896635
   377	   364	-12249.974866
   379	   365	-12249.999763
   380	   366	-12250.063858
   381	   367	-12250.085754
   382	   368	-12250.216131
   383	   369	-12250.309895
   384	   370	-12250.354662
   385	   371	-12250.422404
   386	   372	-12250.446785
   387	   373	-12250.548363
   388	   374	-12250.573244
   389	   375	-12250.638646
   390	   376	-12250.690667
   391	   377	-12250.766304
   392	   378	-12250.809868
   393	   379	-12250.913713
   394	   380	-12250.966471
   395	   381	-12251.011436
   396	   382	-12251.148905
   398	   383	-12251.167153
   399	   384	-12251.180806
   400	   385	-12251.249740
   401	   386	-12251.291614
   402	   387	-12251.343070
   403	   388	-12251.397750
   404	   389	-12251.455022
   405	   390	-12251.603671
   406	   391	-12251.631313
   407	   392	-12251.700426
   408	   393	-12251.776646
   409	   394	-12251.847480
   410	   395	-12251.914057
   411	   396	-12251.986267
   412	   397	-12252.026331
   413	   398	-12252.093035
   414	   399	-12252.157340
   415	   400	-12252.199863
   416	   401	-12252.234757
   417	   402	-12252.264510
   418	   403	-12252.332305
   419	   404	-12252.362640
   420	   405	-12252.394664
   421	   406	-12252.475239
   422	   407	-12252.530530
   423	   408	-12252.585873
   424	   409	-12252.616436
   425	   410	-12252.662816
   426	   411	-12252.731544
   427	   412	-12252.743433
   428	   413	-12252.783618
   429	   414	-12252.859383
   430	   415	-12252.890224
   431	   416	-12252.912444
   432	   417	-12252.994286
   433	   418	-12253.060618
   434	   419	-12253.093179
   435	   420	-12253.204091
   436	   421	-12253.232125
   437	   422	-12253.300065
   438	   423	-12253.345962
   439	   424	-12253.451112
   440	   425	-12253.468977
   441	   426	-12253.534820
   442	   427	-12253.586124
   443	   428	-12253.592430
   444	   429	-12253.634513
   445	   430	-12253.702649
   446	   431	-12253.781975
   447	   432	-12253.848121
   448	   433	-12253.858462
   449	   434	-12253.880373
   450	   435	-12253.965553
   451	   436	-12254.052551
   452	   437	-12254.061962
   453	   438	-12254.070683
   454	   439	-12254.108762
   455	   440	-12254.182402
   456	   441	-12254.195896
   457	   442	-12254.287839
   458	   443	-12254.329428
   459	   444	-12254.399389
   460	   445	-12254.449363
   461	   446	-12254.527811
   462	   447	-12254.580106
   463	   448	-12254.600113
   465	   449	-12254.638817
   466	   450	-12254.673665
   467	   451	-12254.742251
   468	   452	-12254.832486
   469	   453	-12254.867751
   470	   454	-12254.906923
   471	   455	-12254.996655
   472	   456	-12255.041922
   473	   457	-12255.123364
   474	   458	-12255.195682
   475	   459	-12255.256749
   478	   460	-12255.357361
   479	   461	-12255.383117
   480	   462	-12255.421729
   481	   463	-12255.425476
   482	   464	-12255.462600
   483	   465	-12255.569855
   484	   466	-12255.632793
   485	   467	-12255.656313
   486	   468	-12255.697429
   487	   469	-12255.764857
   488	   470	-12255.826258
   489	   471	-12255.905808
   490	   472	-12255.973174
   491	   473	-12256.008940
   492	   474	-12256.058300
   493	   475	-12256.099463
   494	   476	-12256.107770
   495	   477	-12256.173461
   496	   478	-12256.214677
   497	   479	-12256.287502
   499	   480	-12256.315248
   500	   481	-12256.365028
   501	   482	-12256.401102
   502	   483	-12256.441174
   503	   484	-12256.502348
   504	   485	-12256.523961
   505	   486	-12256.607907
   506	   487	-12256.660727
   507	   488	-12256.724416
   508	   489	-12256.756274
   509	   490	-12256.820529
   510	   491	-12256.869165
   511	   492	-12256.946771
   512	   493	-12257.053973
   513	   494	-12257.139976
   514	   495	-12257.174101
   515	   496	-12257.238101
   516	   497	-12257.256387
   517	   498	-12257.306642
   518	   499	-12257.323453
   519	   500	-12257.385308
   520	   501	-12257.421267
   521	   502	-12257.538550
   522	   503	-12257.555415
   523	   504	-12257.589550
   525	   505	-12257.610474
   526	   506	-12257.672975
   527	   507	-12257.715409
   528	   508	-12257.725545
   529	   509	-12257.828128
   530	   510	-12257.916465
   531	   511	-12257.937948
   532	   512	-12257.960814
   533	   513	-12258.004235
   534	   514	-12258.035698
   535	   515	-12258.054996
   536	   516	-12258.125263
   537	   517	-12258.207789
   538	   518	-12258.292822
   541	   519	-12258.309242
   542	   520	-12258.328309
   543	   521	-12258.363436
   544	   522	-12258.389281
   545	   523	-12258.452936
   546	   524	-12258.504588
   547	   525	-12258.511651
   548	   526	-12258.546539
   549	   527	-12258.576680
   550	   528	-12258.614220
   551	   529	-12258.654524
   552	   530	-12258.672687
   553	   531	-12258.708973
   554	   532	-12258.738965
   555	   533	-12258.794871
   556	   534	-12258.830811
   557	   535	-12258.874644
   558	   536	-12258.924031
   559	   537	-12258.990177
   560	   538	-12259.003475
   561	   539	-12259.040474
   562	   540	-12259.063536
   563	   541	-12259.090877
   565	   542	-12259.115288
   566	   543	-12259.130453
   567	   544	-12259.168401
   568	   545	-12259.236582
   569	   546	-12259.302009
   570	   547	-12259.323101
   571	   548	-12259.337042
   572	   549	-12259.362601
   573	   550	-12259.420143
   574	   551	-12259.458046
   575	   552	-12259.501731
   576	   553	-12259.519431
   577	   554	-12259.551327
   578	   555	-12259.585714
   579	   556	-12259.610638
   580	   557	-12259.634463
   581	   558	-12259.690658
   582	   559	-12259.732542
   583	   560	-12259.821263
   584	   561	-12259.849436
   585	   562	-12259.852484
   588	   563	-12259.881171
   589	   564	-12259.931228
   590	   565	-12259.943196
   591	   566	-12260.004854
   592	   567	-12260.021947
   593	   568	-12260.074933
   594	   569	-12260.079006
   595	   570	-12260.089956
   596	   571	-12260.127854
   597	   572	-12260.131888
   598	   573	-12260.182354
   599	   574	-12260.214768
   600	   575	-12260.260552
   602	   576	-12260.324375
   603	   577	-12260.356938
   604	   578	-12260.400439
   605	   579	-12260.439889
   607	   580	-12260.448370
   609	   581	-12260.488590
   610	   582	-12260.544859
   611	   583	-12260.566859
   612	   584	-12260.631287
   613	   585	-12260.636521
   614	   586	-12260.646951
   615	   587	-12260.655209
   616	   588	-12260.730790
   617	   589	-12260.799327
   618	   590	-12260.807243
   619	   591	-12260.850144
   620	   592	-12260.865232
   621	   593	-12260.890459
   623	   594	-12260.928373
   624	   595	-12260.934490
   625	   596	-12260.945759
   626	   597	-12260.990902
   627	   598	-12260.999971
   628	   599	-12261.008592
   629	   600	-12261.035265
   631	   601	-12261.078891
   632	   602	-12261.095794
   633	   603	-12261.119984
   634	   604	-12261.214650
   635	   605	-12261.297628
   636	   606	-12261.304715
   637	   607	-12261.352493
   638	   608	-12261.383506
   639	   609	-12261.454337
   640	   610	-12261.481911
   642	   611	-12261.491115
   643	   612	-12261.510706
   644	   613	-12261.550475
   645	   614	-12261.568774
   646	   615	-12261.603240
   647	   616	-12261.638479
   648	   617	-12261.655939
   649	   618	-12261.672800
   650	   619	-12261.684999
   651	   620	-12261.694569
   652	   621	-12261.700826
   653	   622	-12261.730021
   654	   623	-12261.766983
   656	   624	-12261.812381
   657	   625	-12261.839267
   658	   626	-12261.875301
   659	   627	-12261.891241
   660	   628	-12261.945256
   661	   629	-12261.986642
   662	   630	-12262.023024
   663	   631	-12262.046712
   664	   632	-12262.049807
   665	   633	-12262.086994
   666	   634	-12262.100721
   667	   635	-12262.154984
   668	   636	-12262.159847
   669	   637	-12262.174199
   671	   638	-12262.211386
   672	   639	-12262.231481
   673	   640	-12262.247777
   674	   641	-12262.306261
   675	   642	-12262.313969
   676	   643	-12262.346570
   677	   644	-12262.354278
   678	   645	-12262.361066
   679	   646	-12262.415743
   680	   647	-12262.443125
   681	   648	-12262.451694
   682	   649	-12262.480705
   683	   650	-12262.513825
   684	   651	-12262.553757
   685	   652	-12262.595668
   686	   653	-12262.601068
   687	   654	-12262.610026
   688	   655	-12262.665882
   690	   656	-12262.702218
   691	   657	-12262.712200
   692	   658	-12262.714814
   693	   659	-12262.717517
   694	   660	-12262.744582
   695	   661	-12262.795826
   696	   662	-12262.842146
   697	   663	-12262.855940
   698	   664	-12262.869348
   699	   665	-12262.888846
   700	   666	-12262.910084
   701	   667	-12262.918481
   702	   668	-12262.947099
   703	   669	-12262.966572
   704	   670	-12262.972005
   705	   671	-12262.994821
   706	   672	-12263.031920
   707	   673	-12263.039502
   708	   674	-12263.043335
   709	   675	-12263.065798
   710	   676	-12263.073749
   711	   677	-12263.111488
   713	   678	-12263.132479
   714	   679	-12263.146482
   715	   680	-12263.179426
   716	   681	-12263.209659
   717	   682	-12263.231728
   718	   683	-12263.255899
   719	   684	-12263.278620
   720	   685	-12263.296594
   722	   686	-12263.300170
   723	   687	-12263.333606
   724	   688	-12263.378552
   725	   689	-12263.420482
   726	   690	-12263.426942
   727	   691	-12263.430897
   729	   692	-12263.461851
   730	   693	-12263.470217
   731	   694	-12263.489296
   732	   695	-12263.535160
   733	   696	-12263.575630
   734	   697	-12263.581116
   735	   698	-12263.627881
   736	   699	-12263.643665
   739	   700	-12263.647293
   740	   701	-12263.674738
   741	   702	-12263.697636
   742	   703	-12263.713599
   743	   704	-12263.731406
   745	   705	-12263.744293
   746	   706	-12263.757821
   747	   707	-12263.816657
   748	   708	-12263.827063
   749	   709	-12263.830404
   750	   710	-12263.856399
   751	   711	-12263.866015
   753	   712	-12263.901962
   754	   713	-12263.920724
   755	   714	-12263.928879
   756	   715	-12263.945307
   757	   716	-12263.974643
   759	   717	-12263.994592
   760	   718	-12264.014711
   762	   719	-12264.019201
   763	   720	-12264.045596
   764	   721	-12264.057640
   765	   722	-12264.059556
   766	   723	-12264.110805
   767	   724	-12264.115917
   768	   725	-12264.132607
   769	   726	-12264.159395
   770	   727	-12264.164361
   771	   728	-12264.191048
   772	   729	-12264.209073
   773	   730	-12264.213636
   774	   731	-12264.230486
   775	   732	-12264.233027
   776	   733	-12264.253917
   777	   734	-12264.292882
   778	   735	-12264.342164
   779	   736	-12264.363341
   780	   737	-12264.387745
   783	   738	-12264.389150
   784	   739	-12264.409962
   785	   740	-12264.435180
   786	   741	-12264.450935
   787	   742	-12264.498257
   788	   743	-12264.510733
   789	   744	-12264.517252
   790	   745	-12264.561013
   791	   746	-12264.567281
   792	   747	-12264.589893
   793	   748	-12264.593629
   795	   749	-12264.603990
   796	   750	-12264.608001
   797	   751	-12264.612673
   798	   752	-12264.638701
   799	   753	-12264.660728
   800	   754	-12264.692922
   801	   755	-12264.703288
   802	   756	-12264.734101
   803	   757	-12264.751021
   804	   758	-12264.756690
   805	   759	-12264.763612
   806	   760	-12264.783573
   807	   761	-12264.789242
   810	   762	-12264.811557
   811	   763	-12264.826072
   812	   764	-12264.831433
   814	   765	-12264.844557
   815	   766	-12264.866583
   816	   767	-12264.868673
   817	   768	-12264.881183
   818	   769	-12264.904613
   819	   770	-12264.923713
   820	   771	-12264.925594
   821	   772	-12264.936847
   822	   773	-12264.950360
   823	   774	-12264.991832
   824	   775	-12264.997279
   825	   776	-12265.003478
   827	   777	-12265.005284
   828	   778	-12265.030074
   829	   779	-12265.060703
   830	   780	-12265.074245
   831	   781	-12265.088333
   832	   782	-12265.093869
   833	   783	-12265.099517
   834	   784	-12265.127002
   837	   785	-12265.146658
   838	   786	-12265.149423
   839	   787	-12265.165276
   840	   788	-12265.176468
   841	   789	-12265.183218
   842	   790	-12265.191769
   843	   791	-12265.221273
   844	   792	-12265.237247
   845	   793	-12265.259796
   846	   794	-12265.263600
   847	   795	-12265.265422
   848	   796	-12265.270987
   849	   797	-12265.273899
   850	   798	-12265.295430
   852	   799	-12265.305556
   854	   800	-12265.330736
   856	   801	-12265.332680
   857	   802	-12265.336806
   858	   803	-12265.358928
   859	   804	-12265.374208
   860	   805	-12265.387650
   861	   806	-12265.402947
   862	   807	-12265.435704
   864	   808	-12265.448549
   866	   809	-12265.451003
   867	   810	-12265.457369
   868	   811	-12265.464402
   870	   812	-12265.498456
   871	   813	-12265.500696
   873	   814	-12265.503629
   874	   815	-12265.510881
   875	   816	-12265.514467
   876	   817	-12265.527358
   877	   818	-12265.540560
   879	   819	-12265.550786
   880	   820	-12265.557755
   881	   821	-12265.573748
   882	   822	-12265.599809
   883	   823	-12265.604551
   885	   824	-12265.618993
   886	   825	-12265.620902
   887	   826	-12265.628002
   889	   827	-12265.641148
   890	   828	-12265.648330
   891	   829	-12265.665268
   892	   830	-12265.674238
   894	   831	-12265.677557
   895	   832	-12265.682819
   897	   833	-12265.735479
   898	   834	-12265.740742
   900	   835	-12265.764430
   901	   836	-12265.781274
   903	   837	-12265.790909
   904	   838	-12265.812628
   905	   839	-12265.825586
   906	   840	-12265.830102
   907	   841	-12265.831753
   908	   842	-12265.834351
   912	   843	-12265.866888
   913	   844	-12265.869354
   914	   845	-12265.882796
   915	   846	-12265.885395
   916	   847	-12265.889015
   917	   848	-12265.907526
   918	   849	-12265.917547
   919	   850	-12265.929309
   921	   851	-12265.933265
   922	   852	-12265.936416
   923	   853	-12265.940388
   924	   854	-12265.979666
   925	   855	-12265.991285
   926	   856	-12265.998473
   927	   857	-12266.031442
   928	   858	-12266.032720
   929	   859	-12266.046387
   930	   860	-12266.065768
   931	   861	-12266.081587
   932	   862	-12266.101938
   933	   863	-12266.111425
   936	   864	-12266.119566
   937	   865	-12266.146319
   940	   866	-12266.163989
   941	   867	-12266.165267
   942	   868	-12266.166879
   943	   869	-12266.193338
   944	   870	-12266.216980
   945	   871	-12266.220091
   946	   872	-12266.232442
   949	   873	-12266.233548
   950	   874	-12266.239634
   952	   875	-12266.267324
   953	   876	-12266.275574
   955	   877	-12266.313005
   957	   878	-12266.325144
   958	   879	-12266.337376
   959	   880	-12266.346624
   962	   881	-12266.353488
   963	   882	-12266.370425
   965	   883	-12266.394691
   968	   884	-12266.400791
   969	   885	-12266.403003
   973	   886	-12266.405841
   976	   887	-12266.407665
   977	   888	-12266.419753
   978	   889	-12266.442137
   979	   890	-12266.452570
   980	   891	-12266.457191
   986	   892	-12266.469784
   991	   893	-12266.470902
   992	   894	-12266.478092
   993	   895	-12266.479159
   995	   896	-12266.492099
   996	   897	-12266.499654
   997	   898	-12266.509470
   999	   899	-12266.515631
  1000	   900	-12266.529006
  1002	   901	-12266.534598
  1005	   902	-12266.536918
  1006	   903	-12266.543508
  1007	   904	-12266.547095
  1009	   905	-12266.549436
  1010	   906	-12266.561355
  1011	   907	-12266.575035
  1012	   908	-12266.590582
  1013	   909	-12266.595233
  1014	   910	-12266.606774
  1016	   911	-12266.612741
  1017	   912	-12266.614644
  1018	   913	-12266.624049
  1019	   914	-12266.651087
  1020	   915	-12266.660491
  1021	   916	-12266.665340
  1022	   917	-12266.671850
  1025	   918	-12266.675891
  1028	   919	-12266.688892
  1031	   920	-12266.690151
  1035	   921	-12266.691399
  1036	   922	-12266.702149
  1037	   923	-12266.708261
  1038	   924	-12266.716789
  1039	   925	-12266.740023
  1040	   926	-12266.747576
  1043	   927	-12266.770041
  1044	   928	-12266.777274
  1045	   929	-12266.781455
  1047	   930	-12266.792719
  1051	   931	-12266.794015
  1052	   932	-12266.816178
  1055	   933	-12266.819734
  1056	   934	-12266.823454
  1059	   935	-12266.825617
  1061	   936	-12266.832722
  1062	   937	-12266.836180
  1063	   938	-12266.838221
  1064	   939	-12266.856188
  1065	   940	-12266.880707
  1070	   941	-12266.882150
  1072	   942	-12266.884584
  1073	   943	-12266.887036
  1074	   944	-12266.905006
  1075	   945	-12266.909664
  1081	   946	-12266.926510
  1082	   947	-12266.928640
  1085	   948	-12266.936774
  1086	   949	-12266.938183
  1088	   950	-12266.943633
  1089	   951	-12266.984176
  1093	   952	-12266.988879
  1094	   953	-12266.990694
  1096	   954	-12267.007390
  1097	   955	-12267.012687
  1098	   956	-12267.027537
  1100	   957	-12267.029398
  1104	   958	-12267.031413
  1105	   959	-12267.033307
  1108	   960	-12267.035857
  1109	   961	-12267.048398
  1111	   962	-12267.054738
  1112	   963	-12267.065136
  1116	   964	-12267.066568
  1117	   965	-12267.072983
  1119	   966	-12267.079973
  1124	   967	-12267.089634
  1129	   968	-12267.098952
  1139	   969	-12267.109491
  1142	   970	-12267.136420
  1143	   971	-12267.142391
  1145	   972	-12267.149553
  1146	   973	-12267.166094
  1148	   974	-12267.179065
  1150	   975	-12267.184135
  1153	   976	-12267.190411
  1162	   977	-12267.199734
  1163	   978	-12267.212958
  1166	   979	-12267.230069
  1169	   980	-12267.234539
  1172	   981	-12267.248557
  1176	   982	-12267.254092
  1177	   983	-12267.256263
  1180	   984	-12267.258966
  1181	   985	-12267.278041
  1182	   986	-12267.283155
  1183	   987	-12267.285738
  1184	   988	-12267.287458
  1185	   989	-12267.295080
  1190	   990	-12267.300491
  1191	   991	-12267.304780
  1192	   992	-12267.307066
  1193	   993	-12267.319993
  1194	   994	-12267.333222
  1199	   995	-12267.338553
  1200	   996	-12267.342734
  1201	   997	-12267.351242
  1202	   998	-12267.354561
  1203	   999	-12267.369673
  1204	  1000	-12267.395768
  1206	  1001	-12267.405149
  1210	  1002	-12267.410047
  1211	  1003	-12267.426055
  1212	  1004	-12267.428015
  1214	  1005	-12267.434829
  1215	  1006	-12267.443560
  1220	  1007	-12267.446514
  1221	  1008	-12267.454937
  1222	  1009	-12267.481803
  1223	  1010	-12267.485379
  1225	  1011	-12267.489787
  1229	  1012	-12267.502097
  1231	  1013	-12267.514024
  1233	  1014	-12267.515600
  1244	  1015	-12267.523610
  1246	  1016	-12267.529020
  1247	  1017	-12267.536165
  1248	  1018	-12267.538910
  1255	  1019	-12267.570238
  1257	  1020	-12267.571581
  1258	  1021	-12267.573619
  1261	  1022	-12267.575019
  1264	  1023	-12267.578096
  1268	  1024	-12267.594329
  1269	  1025	-12267.600093
  1275	  1026	-12267.601250
  1276	  1027	-12267.628560
  1277	  1028	-12267.630672
  1280	  1029	-12267.643260
  1281	  1030	-12267.649093
  1282	  1031	-12267.650593
  1283	  1032	-12267.654471
  1284	  1033	-12267.659147
  1285	  1034	-12267.661762
  1287	  1035	-12267.663907
  1289	  1036	-12267.671617
  1291	  1037	-12267.681864
  1292	  1038	-12267.686795
  1294	  1039	-12267.692415
  1299	  1040	-12267.693429
  1300	  1041	-12267.695265
  1301	  1042	-12267.707686
  1302	  1043	-12267.712860
  1304	  1044	-12267.722312
  1308	  1045	-12267.726323
  1309	  1046	-12267.747295
  1310	  1047	-12267.748591
  1312	  1048	-12267.753528
  1320	  1049	-12267.762718
  1324	  1050	-12267.769611
  1326	  1051	-12267.773666
  1327	  1052	-12267.796303
  1329	  1053	-12267.798214
  1330	  1054	-12267.805106
  1333	  1055	-12267.807817
  1335	  1056	-12267.810761
  1340	  1057	-12267.816009
  1342	  1058	-12267.817940
  1349	  1059	-12267.834567
  1350	  1060	-12267.843108
  1352	  1061	-12267.850620
  1357	  1062	-12267.864583
  1360	  1063	-12267.867273
  1363	  1064	-12267.872680
  1377	  1065	-12267.907049
  1380	  1066	-12267.915549
  1382	  1067	-12267.926686
  1383	  1068	-12267.940497
  1386	  1069	-12267.945107
  1388	  1070	-12267.950021
  1396	  1071	-12267.961772
  1430	  1072	-12267.965493
  1433	  1073	-12267.991877
  1435	  1074	-12267.997762
  1444	  1075	-12268.015818
  1445	  1076	-12268.017760
  1452	  1077	-12268.023154
  1455	  1078	-12268.039330
  1457	  1079	-12268.042853
  1462	  1080	-12268.044046
  1484	  1081	-12268.049687
  1488	  1082	-12268.051573
  1489	  1083	-12268.055273
  1501	  1084	-12268.061922
  1516	  1085	-12268.084650
  1536	  1086	-12268.095104
  1539	  1087	-12268.100520
  1554	  1088	-12268.103896
  1558	  1089	-12268.105660
  1568	  1090	-12268.118934
  1570	  1091	-12268.134930
  1573	  1092	-12268.136301
  1574	  1093	-12268.142208
  1576	  1094	-12268.144067
  1603	  1095	-12268.145762
  1620	  1096	-12268.149985
  1624	  1097	-12268.161377
  1625	  1098	-12268.181680
  1637	  1099	-12268.188633
  1639	  1100	-12268.196735
  1646	  1101	-12268.206011
  1647	  1102	-12268.212995
  1671	  1103	-12268.230462
  1681	  1104	-12268.242475
  1692	  1105	-12268.244940
  1743	  1106	-12268.246660
  1755	  1107	-12268.248134
  1761	  1108	-12268.252015
  1778	  1109	-12268.263568
  1817	  1110	-12268.265637
  1820	  1111	-12268.273323
  1833	  1112	-12268.284295
  1933	  1112	-12268.285072
  1952	  1113	-12268.286730
  1969	  1114	-12268.288241
  2017	  1115	-12268.290710
  2047	  1116	-12268.292249
  2062	  1117	-12268.295882
  2069	  1118	-12268.299007
  2097	  1119	-12268.300239
  2134	  1120	-12268.304479
  2161	  1121	-12268.306189
  2162	  1122	-12268.310089
  2170	  1123	-12268.313836
  2175	  1124	-12268.317615
  2259	  1125	-12268.318808
  2285	  1126	-12268.329206
  2385	  1126	-12268.329206
  2485	  1126	-12268.329371
  2512	  1127	-12268.330774
  2596	  1128	-12268.336393
  2676	  1129	-12268.339160
  2715	  1130	-12268.341741
  2761	  1131	-12268.342990
  2861	  1131	-12268.343923
  2961	  1131	-12268.343923
  2978	  1132	-12268.348806
  3006	  1133	-12268.351496
  3106	  1133	-12268.351524
  3158	  1134	-12268.356904
  3244	  1135	-12268.360577
  3284	  1136	-12268.365916
  3303	  1137	-12268.370031
  3307	  1138	-12268.378141
  3407	  1138	-12268.378141
  3462	  1139	-12268.379544
  3492	  1140	-12268.380556
  3556	  1141	-12268.381847
  3597	  1142	-12268.386558
  3697	  1142	-12268.386558
  3710	  1143	-12268.390423
  3810	  1143	-12268.390690
  3910	  1143	-12268.390690
  3989	  1144	-12268.391752
  4002	  1145	-12268.394473
  4102	  1145	-12268.394473
  4202	  1145	-12268.395385
  4207	  1146	-12268.398988
  4307	  1146	-12268.398988
  4407	  1146	-12268.398988
  4463	  1147	-12268.401074
  4484	  1148	-12268.404092
  4584	  1148	-12268.404843
  4684	  1148	-12268.405606
  4747	  1149	-12268.412114
  4847	  1149	-12268.412114
  4947	  1149	-12268.412114
  5047	  1149	-12268.412114
  5077	  1150	-12268.439168
  5090	  1151	-12268.451118
  5190	  1151	-12268.451423
  5191	  1152	-12268.453822
  5246	  1153	-12268.469376
  5275	  1154	-12268.480606
  5300	  1155	-12268.496413
  5347	  1156	-12268.500706
  5353	  1157	-12268.505348
  5354	  1158	-12268.518058
  5454	  1158	-12268.518704
  5554	  1158	-12268.519235
  5571	  1159	-12268.522851
  5595	  1160	-12268.541662
  5659	  1161	-12268.544790
  5744	  1162	-12268.547160
  5775	  1163	-12268.549469
  5875	  1163	-12268.550255
  5975	  1163	-12268.550255
  6075	  1163	-12268.550255
  6165	  1164	-12268.554477
  6265	  1164	-12268.554591
  6269	  1165	-12268.556381
  6369	  1165	-12268.556381
  6388	  1166	-12268.564281
  6488	  1166	-12268.564281
  6492	  1167	-12268.571775
  6592	  1167	-12268.572680
  6619	  1168	-12268.574983
  6645	  1169	-12268.576149
  6662	  1170	-12268.579017
  6762	  1170	-12268.579644
  6804	  1171	-12268.580950
  6904	  1171	-12268.581588
  6982	  1172	-12268.585047
  7065	  1173	-12268.599232
  7077	  1174	-12268.603973
  7136	  1175	-12268.606649
  7236	  1175	-12268.606649
  7292	  1176	-12268.608593
  7392	  1176	-12268.608593
  7451	  1177	-12268.609646
  7496	  1178	-12268.610694
  7596	  1178	-12268.611688
  7638	  1179	-12268.613263
  7655	  1180	-12268.615892
  7755	  1180	-12268.615892
  7789	  1181	-12268.616955
  7872	  1182	-12268.618914
  7972	  1182	-12268.618914
  8072	  1182	-12268.618914
  8172	  1182	-12268.618914
  8272	  1182	-12268.618956
  8372	  1182	-12268.618956
  8374	  1183	-12268.627245
  8474	  1183	-12268.627245
  8574	  1183	-12268.627245
  8674	  1183	-12268.627245
  8774	  1183	-12268.627245
  8801	  1184	-12268.628744
  8834	  1185	-12268.630686
  8910	  1186	-12268.636642
  8980	  1187	-12268.638639
  9050	  1188	-12268.640009
  9087	  1189	-12268.644903
  9112	  1190	-12268.646140
  9183	  1191	-12268.647350
  9283	  1191	-12268.647528
  9383	  1191	-12268.648060
  9477	  1192	-12268.655229
  9577	  1192	-12268.655229
  9677	  1192	-12268.655229
  9777	  1192	-12268.655757
  9877	  1192	-12268.655757
  9957	  1193	-12268.657931
  9963	  1194	-12268.677525
  9964	  1195	-12268.686053
  9995	  1196	-12268.688247
 10028	  1197	-12268.694096
 10128	  1197	-12268.694096
 10150	  1198	-12268.698176
 10250	  1198	-12268.698176
 10291	  1199	-12268.703391
 10371	  1200	-12268.705034
 10404	  1201	-12268.716006
 10409	  1202	-12268.718845
 10413	  1203	-12268.720662
 10513	  1203	-12268.720662
 10613	  1203	-12268.720662
 10713	  1203	-12268.720662
 10813	  1203	-12268.720662
 10913	  1203	-12268.720662
 11013	  1203	-12268.720938
 11040	  1204	-12268.735176
 11140	  1204	-12268.735176
 11240	  1204	-12268.735176
 11340	  1204	-12268.735176
 11351	  1205	-12268.740298
 11451	  1205	-12268.740298
 11551	  1205	-12268.740298
 11564	  1206	-12268.744402
 11664	  1206	-12268.744402
 11764	  1206	-12268.744402
 11864	  1206	-12268.744402
 11964	  1206	-12268.744402
 12064	  1206	-12268.744402
 12164	  1206	-12268.744475
 12264	  1206	-12268.744475
 12364	  1206	-12268.744475
 12464	  1206	-12268.744475
 12564	  1206	-12268.744475
